location.camp=37.2805374,-121.990486
location.oma=41.291774,-96.221333
location.aus=30.3074624,-98.0335946
location.nis=42.7925386,140.5444555
location.nar=34.6578714,135.7520049
location.jak=6.229728,106.6894302